"group_type","group_name","mean_paf","lower_paf","upper_paf","asir","attributable_incidence_mean","attributable_incidence_lower","attributable_incidence_upper"
"gender","Female",30.702926932562,30.1632949359623,31.1410671015701,55.57543625275,170.632855851344,167.633827488647,173.067838954592
"gender","Male",33.2625301204154,32.8518229341497,33.7215053549742,166.22156378683,552.894977212199,546.068138136241,560.524135334977
"age","22.5",51.6575316293309,51.2900637766029,51.829664147716,15.88069558873,82.0357534670596,81.4521889562778,82.3091118795992
"age","27.5",50.7393409796792,50.7382373267796,50.7382373267796,38.51903622635,195.443051329739,195.438800165137,195.438800165137
"age","32.5",48.8096632581458,48.5679715779968,49.1691946629444,67.61675299768,330.035094442598,328.400853778776,332.466129061916
"age","37.5",46.1172406575375,45.0244851978347,46.1976674474274,98.23463960543,453.031051559008,442.296407682931,453.821121230953
"age","42.5",40.6770656258906,39.3939393939394,41.6113312289953,135.56846084542,551.452717861013,534.057573027412,564.118412844385
"age","47.5",37.9135352423141,36.1702127659574,38.1443298969072,183.74526420959,696.643255021861,664.610530119794,700.883997500498
"age","52.5",32.9647575840541,32.5842696629214,34.7826086956522,235.4756799413,776.239870620527,767.280305426708,819.045843274087
"age","57.5",30.6292183593566,29.4117647058824,31.0344827586207,285.20133104697,873.549384501678,838.827444255794,885.107579111286
"age","62.5",27.95647607607,27.710843373494,28.5714285714286,331.79389208907,927.578800637424,919.428857596218,947.982548825914
"age","67.5",23.1232469595694,23.0769230769231,24.0506329113924,395.4541455418,914.418386854855,912.586489711846,951.092248771417
"age","72.5",19.0205405405405,18.9189189189189,20,434.63109239026,826.691831298836,822.275039657248,869.26218478052
"age","77.5",16.0333374213052,15.4929577464789,18.9189189189189,457.34844894741,733.28220010844,708.568019495987,865.253822332938
"age","82.5",11.2794245644419,9.09090909090909,13.0434782608696,463.16703904772,522.425767767469,421.060944588836,604.130920497026
"age","87.5",6.25428321678322,6.25,6.25,462.73009311932,289.40450552967,289.206308199575,289.206308199575
"age","92.5",4.99697580645161,4.76190476190476,6.25,475.19420302461,237.453393588003,226.282953821243,296.996376890381
"age","97.5",3.08778424114225,1.63934426229508,3.2258064516129,500.81380088767,154.64049621275,82.1006230963393,161.552838996023
"education","≥12",33.5587729792332,32.9924303139632,34.1479530273456,109.0748935603,366.041959072413,359.864582479115,372.468434175984
"education","0-6",27.2321836177746,26.6524390867472,27.7095627669333,109.0748935603,297.03475295233,290.711195650933,302.24176094057
"education","6-12",34.7631882893141,34.2831901039758,35.0514237069932,109.0748935603,379.17910624736,373.943531149869,382.323030997726
"residence","Rural",28.7456217540288,28.3109140186759,29.0924531889439,109.0748935603,313.542563314533,308.800993318188,317.325623499206
"residence","Urban",34.9827614147026,34.5135872037976,35.4280046447247,109.0748935603,381.574097775406,376.456585063835,386.430583567716
