"group_type","group_name","mean_paf","lower_paf","upper_paf","asir","attributable_incidence_mean","attributable_incidence_lower","attributable_incidence_upper"
"gender","Female",0.30702926932562,0.301632949359623,0.311410671015701,55.57543625275,1.70632855851344,1.67633827488647,1.73067838954592
"gender","Male",0.332625301204154,0.328518229341497,0.337215053549742,166.22156378683,5.52894977212199,5.46068138136241,5.60524135334977
"age","22.5",0.516575316293309,0.512900637766029,0.51829664147716,15.88069558873,0.820357534670596,0.814521889562777,0.823091118795992
"age","27.5",0.507393409796792,0.507382373267796,0.507382373267796,38.51903622635,1.95443051329739,1.95438800165137,1.95438800165137
"age","32.5",0.488096632581458,0.485679715779968,0.491691946629444,67.61675299768,3.30035094442598,3.28400853778775,3.32466129061916
"age","37.5",0.461172406575375,0.450244851978347,0.461976674474274,98.23463960543,4.53031051559008,4.42296407682931,4.53821121230953
"age","42.5",0.406770656258906,0.393939393939394,0.416113312289953,135.56846084542,5.51452717861013,5.34057573027412,5.64118412844385
"age","47.5",0.379135352423141,0.361702127659574,0.381443298969072,183.74526420959,6.96643255021861,6.64610530119794,7.00883997500498
"age","52.5",0.329647575840541,0.325842696629214,0.347826086956522,235.4756799413,7.76239870620527,7.67280305426708,8.19045843274087
"age","57.5",0.306292183593566,0.294117647058824,0.310344827586207,285.20133104697,8.73549384501678,8.38827444255794,8.85107579111286
"age","62.5",0.2795647607607,0.27710843373494,0.285714285714286,331.79389208907,9.27578800637424,9.19428857596218,9.47982548825914
"age","67.5",0.231232469595694,0.230769230769231,0.240506329113924,395.4541455418,9.14418386854855,9.12586489711846,9.51092248771418
"age","72.5",0.190205405405405,0.189189189189189,0.2,434.63109239026,8.26691831298836,8.22275039657249,8.6926218478052
"age","77.5",0.160333374213052,0.154929577464789,0.189189189189189,457.34844894741,7.3328220010844,7.08568019495987,8.65253822332938
"age","82.5",0.112794245644419,0.0909090909090909,0.130434782608696,463.16703904772,5.22425767767469,4.21060944588836,6.04130920497026
"age","87.5",0.0625428321678322,0.0625,0.0625,462.73009311932,2.8940450552967,2.89206308199575,2.89206308199575
"age","92.5",0.0499697580645161,0.0476190476190476,0.0625,475.19420302461,2.37453393588003,2.26282953821243,2.96996376890381
"age","97.5",0.0308778424114225,0.0163934426229508,0.032258064516129,500.81380088767,1.5464049621275,0.821006230963393,1.61552838996023
"education","≥12",0.335587729792332,0.329924303139632,0.341479530273456,109.0748935603,3.66041959072413,3.59864582479115,3.72468434175984
"education","0-6",0.272321836177746,0.266524390867472,0.277095627669333,109.0748935603,2.9703475295233,2.90711195650933,3.0224176094057
"education","6-12",0.347631882893141,0.342831901039758,0.350514237069932,109.0748935603,3.7917910624736,3.73943531149869,3.82323030997726
"residence","Rural",0.287456217540288,0.283109140186759,0.290924531889439,109.0748935603,3.13542563314533,3.08800993318188,3.17325623499206
"residence","Urban",0.349827614147026,0.345135872037976,0.354280046447247,109.0748935603,3.81574097775406,3.76456585063835,3.86430583567716
